,Id,SalePrice
0,2658,139486.89417938993
1,2718,151428.44121692632
2,2414,229354.32934152638
3,1989,120899.72210684151
4,625,171147.99833530642
5,333,89592.73140088719
6,1327,99123.2108478517
7,858,119883.32649754058
8,95,168491.78726760484
9,1568,166495.26144642208
10,2482,154069.7511131924
11,1364,125518.47144328116
12,2584,136236.69679951353
13,818,282325.82389609725
14,2673,137725.01377413922
15,2089,132730.09345759917
16,1297,158277.30988144735
17,790,119607.70755769918
18,2616,206648.3769190138
19,720,199174.37626245222
20,222,143645.29004257033
21,557,140552.09705155296
22,1148,179607.63032982952
23,2766,171747.59725363035
24,534,177731.4094814888
25,1452,110310.52087720833
26,630,131281.4827156359
27,2648,153727.84642881207
28,125,165275.26552559913
29,1904,61537.644793294254
30,1670,96337.60299007036
31,756,101928.32600377302
32,717,230987.23585293553
33,1032,155855.68670674704
34,852,199336.32238639897
35,1731,197816.60327803245
36,2639,112906.26109908515
37,2071,69184.66031455959
38,1267,132172.04965630727
39,1851,179406.0525686334
40,567,163257.43742331862
41,2439,213413.7097887423
42,1898,154739.20970170747
43,647,137367.90422983404
44,2256,197770.63932475424
45,979,85981.99810139782
46,1444,223674.42645403667
47,2485,125519.46378517302
48,157,126227.47678632825
49,88,134098.69610143872
50,2003,109464.09683496295
51,186,209013.99381993
52,1425,243152.22850182082
53,2695,121785.62735985662
54,738,121790.15531446214
55,395,162579.20423227816
56,1353,162255.91995359078
57,1878,142007.8305513342
58,390,172006.8037774954
59,1456,251314.36245729332
60,1103,322223.5691980638
61,1387,112077.03049638309
62,2070,155437.95769083512
63,1199,182280.85371236713
64,2479,188724.78122209472
65,501,325185.538832122
66,2362,99286.66183274443
67,1718,176534.60316885397
68,2188,77857.09544169455
69,1483,150475.7733564875
70,2557,93687.83277286903
71,437,331272.403935364
72,2224,189031.65634987387
73,1628,191527.48354171478
74,397,139201.79563714343
75,587,183569.49496215675
76,971,155242.84086404508
77,2611,153567.30131475767
78,1887,105196.34575233248
79,2399,368882.50602488813
80,2148,190843.2626699204
81,304,150542.79597575194
82,1997,129547.18851288327
83,2817,133236.5206158755
84,1431,224168.8705501068
85,427,366177.60666587565
86,263,128873.8321776134
87,598,182015.75952359242
88,2895,216047.22997739812
89,687,150562.62694384565
90,1822,131636.69641135016
91,2191,108390.06134992326
92,179,121057.70720047195
93,1009,255591.12063338736
94,2010,128690.74340669706
95,1991,154773.04869913298
96,1411,142649.0112270665
97,1721,193383.22886755987
98,1144,209505.77499864745
99,593,231625.06908730173
100,575,357936.38910873863
101,1249,165139.58061074116
102,1604,131176.89981689118
103,1064,439563.2592910122
104,1923,147269.9304352214
105,1988,106999.38331101654
106,2325,175052.68853586784
107,114,198143.59318559186
108,2700,145862.50765642838
109,217,126587.67190941621
110,343,191034.49621844885
111,386,219203.67203955707
112,2005,121658.89637863333
113,2908,120661.78460749012
114,1814,236553.46693617012
115,2446,415341.75520835037
116,208,134374.8928924144
117,1679,122089.29852282809
118,822,368122.6241675123
119,6,187134.38424272276
120,1781,413444.34673475625
121,2397,312196.6762126535
122,2340,304706.3638939158
123,1618,170057.79318168724
124,2843,132100.77174897614
125,1061,356557.04599011666
126,2786,115089.69134213205
127,1935,139290.5979619075
128,1341,131999.9164112474
129,521,260421.09107321477
130,2136,140186.0661963037
131,996,198937.30294210115
132,227,152750.31426877424
133,135,166236.969024132
134,1167,163948.14851104806
135,294,212163.14733204799
136,1776,199827.7603003395
137,540,175224.85246343486
138,1717,186361.36193557846
139,2303,123532.41212083923
140,116,183392.24418555235
141,127,145297.31187034212
142,1371,134316.1062322969
143,1014,133409.8611059485
144,1507,125635.2345532573
145,702,130242.85789183254
146,750,156896.34170140885
147,261,154116.23821194284
148,1559,45064.156125439855
149,577,227901.02159252658
150,2812,203454.34468609822
151,2080,147726.83802450902
152,1368,109800.4708624868
153,2376,133068.701960737
154,659,105881.96980657766
155,1235,137685.27222761046
156,332,77368.96359338053
157,1917,147207.0768865518
158,2094,252696.27588091348
159,1460,246317.34170227358
160,1471,200827.54131378967
161,1509,120999.15151301865
162,1922,142277.6453176604
163,433,447028.50976832723
164,460,280569.5623519771
165,1116,232718.76050304977
166,1137,173250.94117565523
167,53,168259.20403416746
168,2354,254457.39692037972
169,1475,197207.62375254574
170,1761,452136.36784718675
171,842,142173.80742029217
172,2739,183634.23581123236
173,2509,147349.00382767938
174,1007,198886.55397620337
175,2610,157929.92410991923
176,1952,110893.05587039149
177,2719,161839.22015570372
178,2921,70664.65557489422
179,1966,140702.68632229452
180,292,115484.91159694153
181,1204,209073.27829787543
182,1829,280874.1411047628
183,2419,212915.74648416816
184,391,160295.51716765226
185,798,121343.59671969822
186,481,220315.88297294645
187,193,165927.4680793258
188,555,133528.4256593699
189,899,78435.43799688434
190,2357,194266.0614235024
191,328,129664.92775269452
192,1356,130726.98309205164
193,1154,114011.7820359926
194,1730,197644.8257222757
195,2249,159766.04608074343
196,1119,296478.24149268144
197,2856,114674.39822583663
198,1394,133648.7677392945
199,2587,129652.2828470351
200,61,295533.671816027
201,2661,186197.5114839534
202,2711,133113.17701860133
203,1147,198225.228566728
204,757,130515.61639562692
205,2623,90558.43090687331
206,2378,134123.37930691778
207,1413,160590.62568398722
208,1722,195279.62503666268
209,1112,224876.9948565485
210,1623,197091.3456347494
211,1201,199937.7839450073
212,1513,102651.90591089806
213,957,252830.1025084572
214,1171,264609.6876305855
215,1145,212850.9150408379
216,2726,222737.41708429862
217,703,168799.95083533454
218,760,93680.91915154725
219,1964,143084.67158055643
220,2512,190883.91330809542
221,159,140157.44674019935
222,1281,185395.0979094929
223,468,179339.14107239177
224,290,123462.95187839912
225,665,94514.84463263414
226,1463,241871.6075474734
227,1792,218037.50723140716
228,923,149477.51991739887
229,500,290750.80139145115
230,1408,144526.71867590334
231,331,76011.82611742313
232,170,140261.57218618918
233,2192,88542.13884569833
234,2571,272145.8080406175
235,2314,174473.88257864572
236,2647,84448.24810761405
237,422,433390.0913739796
238,2457,346961.02924008155
239,1838,177624.24793254794
240,2805,242119.61162428092
241,1645,166272.67188080505
242,1711,296888.53663304925
243,2825,222559.7224649964
244,322,357323.5782788821
245,2103,259802.78494078212
246,342,131173.07180636423
247,600,114109.47313071403
248,488,176261.24685257534
249,1725,300796.4353079224
250,2246,276142.55987122026
251,2847,135747.9463973483
252,806,235037.33676625625
253,530,217664.0678270033
254,963,190258.3280373942
255,2678,100403.0613877044
256,171,95523.28697048966
257,2401,414155.8967225278
258,805,223888.20844872965
259,2259,203230.79270775057
260,1748,212663.69809797674
261,1361,141062.08571950137
262,1677,119787.70347799012
263,1406,149206.65215445124
264,2322,251001.11766242038
265,688,171471.0001883502
266,143,135702.41312553047
267,804,215263.31555187836
268,1214,181506.07593788859
269,2828,164065.18587395537
270,1999,187864.53878538706
271,2467,211531.7740080753
272,2665,166390.60853943677
273,1538,303557.77195697336
274,398,122043.70592877362
275,2822,159301.31428463804
276,2157,150087.8754348685
277,1856,201435.1246955858
278,1269,116758.81066499953
279,2570,122898.2562590983
280,2320,266258.0095442333
281,1517,137037.30901880673
282,2304,113069.78271243692
283,1312,98502.69308929628
284,2012,139334.60372163076
285,506,252955.57001903153
286,2865,179184.86939465778
287,2367,108693.79321972188
288,554,105192.20279760443
289,238,137806.34936323646
290,1954,112995.47243991401
291,2488,157713.02072277956
292,2291,81603.75307695044
293,1969,115138.59362695192
294,2725,147690.17062343494
295,1482,150475.7733564875
296,2763,208524.87552353594
297,503,277308.8404256406
298,1584,237787.13750310813
299,1531,173132.75282213168
300,2210,185147.72759710433
301,459,326796.9044138843
302,556,133364.47905333852
303,1347,145802.61842560675
304,1290,86779.05536619015
305,1388,109592.69573711761
306,1571,184142.81822706538
307,2754,204437.08126447297
308,765,129473.338053654
309,2494,125864.00306401192
310,2870,188628.10761622654
311,7,243049.65124377667
312,1114,243630.22380401695
313,2418,269177.81056976167
314,291,133375.70190067816
315,18,385116.31341791514
316,39,388175.5423190545
317,1001,261215.7486115232
318,2442,219924.52856125613
319,616,102424.62602369295
320,2680,65838.45465993008
321,1414,129988.52307043434
322,289,124173.35979922989
323,40,256803.06660047965
324,860,151211.6648860881
325,409,140773.515074682
326,673,145262.63957094075
327,2427,181639.27052608563
328,2036,184580.3011162912
329,2564,134058.59984134708
330,642,139000.16898088774
331,1008,190210.82337947562
332,1908,150212.61525199318
333,2519,182192.869174477
334,1369,105657.45768888941
335,2855,164246.08351921698
336,712,102858.37022956059
337,1943,119932.1187760933
338,1958,122695.08482452529
339,107,163393.16415589373
340,2295,177821.9941760287
341,704,98931.8917436119
342,676,130613.9487201068
343,259,190272.94280261814
344,93,310175.1521912402
345,106,238301.03899882257
346,2315,176353.69239063765
347,1050,114046.9507749544
348,1095,221898.29478398076
349,2709,150296.87795923022
350,758,151549.08777223778
351,1496,160217.30418863497
352,2370,122437.0948038894
353,2458,273343.23298153596
354,2733,132136.67929388292
355,161,267147.4289432082
356,726,168579.9472335952
357,845,212992.9634548786
358,947,248800.3431694765
359,2232,124316.82523833786
360,2563,144862.06082518934
361,2299,129843.8403684696
362,211,97744.53510405711
363,605,165324.8478589385
364,1478,202666.06356188218
365,2247,264890.6233637772
366,2274,155435.21894707083
367,2869,182836.1835375048
368,967,213607.87368406
369,2656,107277.63915078889
370,667,227286.5331202724
371,1042,112917.77302893985
372,2023,141214.53193982394
373,2447,397037.6725631299
374,2055,140104.9455901644
375,2275,285444.17033710796
376,2204,163111.1433590068
377,1563,253466.77024229406
378,483,199657.82447483082
379,796,145213.71720414807
380,1526,153875.937582092
381,2042,119872.72636449349
382,442,359945.142753277
383,1693,315853.1787925785
384,1468,228523.12917702203
385,1430,166302.3894422389
386,2605,161878.7718327045
387,1529,193805.90531533526
388,335,127501.2625336239
389,1287,128178.26581800042
390,31,102343.41310473718
391,1785,348389.8699454247
392,82,168950.0772316514
393,2620,115588.7063986971
394,252,194640.9993641317
395,721,69689.32355317695
396,2165,184290.88147818815
397,2316,219709.05173367116
398,775,141789.8358153503
399,1558,123505.8146596459
400,17,211311.42109608068
401,1022,219415.5617303977
402,925,113015.96352151863
403,438,248054.3498997736
404,1270,144784.55999634176
405,1272,131526.3462972768
406,215,138113.5961527449
407,266,229976.11659068032
408,2402,292233.7542796023
409,1250,138561.41449322365
410,1984,119875.34637059912
411,1279,142373.7459014788
412,377,226704.3467576729
413,1252,145057.7499410445
414,2156,263854.7428572511
415,499,331194.0546110886
416,1374,124928.03525785834
417,2898,233548.07009850832
418,401,110567.5739533354
419,2721,184710.0654751988
420,2078,200985.8570205
421,2589,127760.87637764763
422,1946,243880.0842233104
423,1334,130809.19709108782
424,2781,217098.08261026308
425,431,410593.2273232235
426,576,186211.4971422021
427,1474,233821.32668266096
428,2254,156663.07891373395
429,2155,279900.2862879343
430,885,108866.05416272109
431,643,142057.78077806695
432,1944,125263.8313217574
433,480,196496.2420189125
434,2845,103419.72958350694
435,2387,289599.55222039507
436,2407,188235.251445438
437,2527,185247.32490336732
438,2514,159293.23197325727
439,629,155153.5805685456
440,80,206093.96358350146
441,1876,137094.93530648854
442,1546,123990.2794975146
443,2518,218735.7693550621
444,2347,171311.82763943146
445,783,219807.3035553628
446,1322,52097.28103931877
447,194,81176.59216827963
448,1770,311634.82525499875
449,2143,175510.67619837623
450,1229,204886.0162678609
451,511,279941.580068471
452,46,213814.0138437834
453,1348,168349.28202415933
454,2465,211082.6175358289
455,387,230680.6113674147
456,873,225451.5913019228
457,1918,133513.9839566768
458,2764,244856.55753811146
459,2184,129847.2336103943
460,934,144854.07150991325
461,1920,142229.21204258467
462,2631,179934.69355369767
463,1768,493497.01522824855
464,2040,114773.76426673902
465,1749,209987.88533338986
466,834,247485.06966145104
467,1457,218862.34623804415
468,79,121485.2300130977
469,2302,119493.11955670605
470,1817,145764.8135654583
471,2755,243636.1568842273
472,359,189526.3388569327
473,2059,117027.26520261599
474,2092,255386.91401923727
475,2516,205849.11020355223
476,150,105802.88223120756
477,1656,169212.9510175723
478,83,98678.57563851553
479,2411,187095.45984744508
480,795,75223.39850246353
481,2312,214470.83982145687
482,2917,117666.89566518582
483,1624,196574.50537802483
484,2215,263148.53935892764
485,1211,149571.88541676675
486,1485,154503.7792252747
487,1024,185993.56013260176
488,570,189277.51393171865
489,2874,141809.57441020594
490,700,163090.93715289654
491,2756,204283.1118109349
492,2022,167618.61756028398
493,583,238463.99379640626
494,2392,404599.61421924713
495,2424,167727.0497911363
496,212,105860.86421422154
497,736,110313.7630584244
498,1610,180057.61995095643
499,890,102508.67795552878
500,467,184022.49948971212
501,578,269103.6312234987
502,1747,201618.28201863688
503,1149,155878.72101673007
504,2758,239167.44344912085
505,857,151539.8343276354
506,2219,222515.2919210309
507,733,100690.97481221886
508,2909,106683.5022861599
509,1798,257370.38713216037
510,235,139525.37731250573
511,2366,132743.81725556654
512,1027,137109.71316492325
513,1195,154382.42375835596
514,1303,37985.264245846425
515,148,181075.9734600708
516,608,159816.0328225816
517,2515,187890.1157179256
518,821,290768.97392761905
519,2500,273384.66680013214
520,745,106396.35874289926
521,741,124241.44710783835
522,1611,132765.08967229287
523,2532,138060.93780454295
524,1081,218919.77614826197
525,1692,411127.38015437895
526,2520,166589.71212693345
527,276,113016.93019580079
528,1992,116295.66663732991
529,663,38746.83926786698
530,418,132392.96685005882
531,1733,207422.66949672147
532,2359,165192.17158406682
533,253,199793.70022024104
534,1518,144834.5755757647
535,2035,114094.86914760567
536,2919,69457.46161154931
537,1540,203815.11177019612
538,2120,148611.18601013266
539,1674,150786.395156353
540,256,160129.8057530811
541,2361,94295.99482122902
542,978,83744.06495655031
543,2280,144023.86974602746
544,2095,221962.84185849718
545,1709,304607.56232535036
546,2801,225572.75525211013
547,1246,113250.54587925342
548,2373,107215.63467730489
549,1055,288989.2743765756
550,2017,127023.24004788231
551,1099,290944.3742856659
552,1344,110363.99185513327
553,835,198797.94125733804
554,1117,246870.22349638655
555,2043,73796.95915686904
556,2085,135893.6265565965
557,410,145673.0009682569
558,2650,125970.51328805357
559,2867,156945.97264031332
560,1668,116148.92042812356
561,1161,165479.55737045233
562,2122,191496.9342313648
563,2539,148753.10293458914
564,1047,131761.7780400897
565,1445,126841.51637264679
566,541,123083.41733767552
567,569,191411.53942091856
568,1276,141057.8735793312
569,918,139235.85447714105
570,326,156963.14935054374
571,1936,130166.85150076507
572,895,118297.37981747015
573,257,153133.04195905873
574,1241,168095.86052046984
575,1545,128784.79032130243
576,1189,183442.49813664838
577,270,149941.4667228912
578,2066,209128.9460973615
579,693,119237.90944277134
580,1259,199091.36671308457
581,2916,151064.71539235953
582,2321,292755.0930551201
583,1977,103752.08272772707
584,1895,155705.81883948215
585,1240,157722.2752531222
586,85,152544.15801828983
587,1823,136350.213710175
588,825,261574.1143134333
589,110,217453.96354406624
590,697,122279.79171863914
591,2297,122061.11973358382
592,1231,144481.08519083646
593,1355,131408.29001910327
594,968,367719.61232239776
595,584,230643.31786046218
596,1315,130539.14511795243
597,1606,151556.17350576166
598,206,61298.760762193124
599,1685,373483.05060454155
600,2016,117009.73128647322
601,869,201982.91011183808
602,2135,117380.7471685335
603,2346,190424.25619016308
604,2430,232000.8428626958
605,2198,91829.13765955262
606,2652,121304.62672188878
607,27,125173.7733101733
608,241,164090.79393974552
609,906,134921.61217955808
610,1506,139370.36911690247
611,2098,348465.3574325108
612,1435,210649.91885551054
613,2213,152098.42832736217
614,1274,144450.7250627895
615,743,34998.68143364327
616,1737,201224.3484413486
617,2797,274328.07546046074
618,2185,73322.556071033
619,58,191320.2980166715
620,830,219603.64019022923
621,808,116452.97441693029
622,680,155577.7432795486
623,1153,111496.88601747074
624,1291,143963.4687809772
625,1818,154075.22398445068
626,2161,212110.30574174394
627,1883,121881.57066113676
628,350,297886.3166261574
629,2473,150743.4446121187
630,295,169565.89816565823
631,293,173236.5221703056
632,859,124343.45818672562
633,288,75113.2337802921
634,1578,156831.87794642284
635,102,189316.58203334105
636,2831,153767.41229288554
637,1030,153045.24353004456
638,2551,136494.75441121846
639,1286,151368.67673577898
640,958,339221.50014007336
641,776,131823.59357350064
642,72,212550.39425962052
643,2263,264839.8170783587
644,1866,183289.09070228145
645,2876,63828.89208011475
646,2146,229836.98515469907
647,103,175159.14694943308
648,1500,149130.59675669542
649,492,176814.67861860275
650,167,139844.9469283917
651,2597,110313.35770087573
652,2685,97314.59873885126
653,1035,168332.9864221206
654,1220,61529.486614058726
655,2602,154537.32362567156
656,2159,209146.67332850792
657,695,158271.8651371168
658,1109,272031.84489023057
659,640,195409.5257712904
660,1652,170072.45743397844
661,2090,168316.77053107374
662,1188,169803.5483191323
663,2345,247014.2889689317
664,1059,358240.96088913013
665,2751,244461.48415155802
666,128,187172.27485287125
667,1523,184313.67869715067
668,2925,164672.527230422
669,2145,294184.054742772
670,1121,221655.60351262504
671,566,226961.28331419372
672,565,264946.9201431299
673,1331,122225.6256975453
674,2928,127249.02870871493
675,156,154200.5679306276
676,797,150834.3948143992
677,327,94849.25735889672
678,2859,130916.12796352088
679,1453,95244.71469567652
680,1762,339556.578752393
681,1868,190042.8670012263
682,1760,173297.683818134
683,1113,238128.7305694915
684,1812,195564.235553096
685,117,166144.9056476116
686,1142,209534.5238650418
687,2342,431955.39961640944
688,927,135831.79228513397
689,2478,183716.65092103952
690,655,72310.84793523292
691,2064,124748.20279699145
692,369,279278.7114276928
693,2239,101025.04698507284
694,2732,214101.18363620562
695,1653,169283.58087914845
696,959,227095.1037129651
697,2395,339583.88976498484
698,1412,104257.008790172
699,271,248367.70327633375
700,1484,150915.90570060757
701,1497,151450.38339905522
702,552,157055.20871240285
703,2,123613.50357990421
704,1855,301926.85865224386
705,4,262852.66177901626
706,2292,155941.85726642562
707,134,131422.460340478
708,646,103245.77590442135
709,42,313131.20740354306
710,532,224324.62263120554
711,713,113770.09429261752
712,2561,149703.8329710078
713,2360,139095.5214577373
714,1333,125726.93203036865
715,1407,172714.11611618043
716,2892,257923.1043320935
717,574,218333.26447628002
718,1227,178734.07095894095
719,2591,189526.98885149474
720,1476,229166.8333968299
721,1125,246960.64003956295
722,1446,153097.38282185158
723,408,107391.44858723565
724,1101,321078.4543274471
725,2251,192233.13304830733
726,373,189197.3751794165
727,2554,99137.76286076533
728,2382,235662.82062485605
729,1985,97853.33147517231
730,519,249100.6063168142
731,1093,192825.4905804101
732,864,234886.64771719568
733,2889,142915.77291040414
734,2308,205638.25078764663
735,986,161765.4888556659
736,1302,152254.12298031873
737,585,164385.58823846513
738,2708,154949.30316698807
739,147,133686.49364514404
740,1441,219107.26927183563
741,383,199209.81614056905
742,285,147693.41252541885
743,181,110694.80258236267
744,358,219004.34660945245
745,780,157048.7183800236
746,258,199070.87975048227
747,1865,238266.98557197727
748,692,110832.97803659592
749,2902,297565.91548713355
750,508,270291.74933543045
751,2638,135367.20198056707
752,36,142024.72031797888
753,611,170465.31792301638
754,2281,152614.1331271546
755,1678,146940.91601675993
756,1696,414208.19755832176
757,1557,83670.98038552486
758,2180,177670.67114715377
759,1726,204757.9110652262
760,951,145861.4892346094
761,267,217991.1190418093
762,2706,133646.2388766614
763,2221,204343.9580113783
764,1357,145293.74167708936
765,2901,294966.6664206155
766,347,195016.75035158946
767,2164,206246.06909076072
768,1586,292168.5185536033
769,360,154948.4951427247
770,1769,270646.7420825666
771,2617,181025.3269899853
772,1879,139159.57855413062
773,991,191787.16226347722
774,1535,130421.08208912786
775,1191,123924.41537941794
776,1579,252892.11093145958
777,1882,137742.0553528329
778,1510,117811.60377298028
779,2196,162118.69118597131
780,1845,165655.00605831516
781,2336,402646.07785437256
782,942,93747.67394209589
783,861,128206.96900428494
784,2555,106578.88306187477
785,1392,162606.4995318309
786,2099,259802.78494078212
787,1543,115708.019492283
788,948,237553.04980315303
789,1239,168227.8876048181
790,22,196266.66969091818
791,2796,258067.31020370917
792,2747,194938.18929432047
793,92,327210.3605426034
794,210,155529.96996370738
795,1858,195783.12482207827
796,2228,154200.49212673743
797,447,221397.72086323396
798,827,251809.43408133823
799,1649,244730.61864635587
800,682,127702.74750679138
801,2698,112835.46735685476
802,494,183037.08457431692
803,214,101978.62547726627
804,2441,250640.71027586958
805,2679,112731.92002000718
806,1336,136925.69102130306
807,465,197123.9359377118
808,1524,120081.03675817861
809,2543,133717.93830380717
810,631,148918.3604291805
811,2452,324515.6204274475
812,228,170741.42007133353
813,126,174537.55946298252
814,1092,217025.86566241272
815,1122,201746.81230788323
816,932,202512.74887130695
817,1980,86559.9889485485
818,2171,138951.49959988025
819,551,169189.57951767172
820,2768,176564.09718315874
821,2056,112424.05044275231
822,1159,325497.7399204528
823,2645,131976.9598339498
824,1174,178392.2431014055
825,2266,212265.55348370312
826,2462,382949.7970088166
827,1219,138604.54169195984
828,2922,175771.1786013284
829,118,154756.9000967712
830,474,162750.16272200865
831,2576,153730.76862918807
832,872,251929.56701877166
833,1077,192727.6816542265
834,1536,135167.97809020616
835,1150,131573.22955981863
836,2341,325025.0328366483
837,1931,163580.30876832549
838,2785,122861.94592376472
839,2538,135665.24818070768
840,597,212766.71993272682
841,464,187093.7489187374
842,233,222448.51956503186
843,2169,147863.40993353224
844,2123,186135.64707723586
845,1867,175655.66674347
846,137,244092.095886819
847,515,237570.6559570522
848,933,104660.38599207182
849,2784,188369.27902165276
850,972,165841.32533336192
851,599,170179.10087558732
852,2614,132684.18862529006
853,2582,123948.49723553623
854,1409,141400.20264172408
855,175,110974.5263106848
856,352,239771.5675658916
857,976,82218.59845693514
858,2134,206104.08315688308
859,984,122868.11271677847
860,2396,318994.3633930342
861,1673,148385.29323932057
862,404,140051.40633344598
863,607,169225.33536524535
864,814,153292.4877947647
865,868,197780.2634460276
866,2271,183331.1758755927
867,1633,245625.8743080668
868,337,184154.39440964395
869,2765,179771.60360552173
870,1746,243090.40379443916
871,368,308400.73005017766
872,2806,222136.87957432476
873,1662,220469.09159515152
874,1234,214484.2929701142
875,1373,126986.62014681508
876,1672,111995.74173852627
877,1939,127804.56036880042
