Id,SalePrice
2,113930.79954601184
4,263246.80101873446
6,190661.3929120392
7,227323.84759848117
17,218547.7284243685
18,321272.0769627783
22,188612.16964957037
27,121628.37544277853
31,95274.15781601466
36,140466.87757998737
39,365711.6411913167
40,238924.09823753216
42,308103.26241523295
46,205759.9730525704
53,179637.15503185027
58,180625.8874206987
61,291711.25543423847
72,205859.01038317912
79,130463.65690263256
80,220888.67162445872
82,169297.91229074617
83,100434.47171849468
85,152623.79947335046
88,122016.83273466986
92,306952.8233047606
93,299823.3695432009
95,176247.61974642077
102,173489.59382932135
103,167728.28102986034
106,238620.97896528273
107,162169.0432083877
110,215520.08264050653
114,192477.01315108655
116,179437.11528646678
117,163913.94778713956
118,148632.7115521549
125,157204.35170794924
126,170820.22151066049
127,143977.73812689036
128,192155.55766164645
134,135363.06615661606
135,174923.05152191306
137,254235.6941283078
143,141532.72805408426
147,129612.54257327563
148,169618.78026219687
150,125393.94766869744
156,156401.82621676318
157,135549.4219410768
159,135861.7572418789
161,272793.7499585039
167,140899.1733988011
170,104493.02311239543
171,90152.20210010897
175,105574.54239974194
179,116509.73661042773
181,104228.81235856845
186,188571.96587226188
193,168813.47775204564
194,90678.22891141752
206,64838.30102971845
208,122904.4706662876
210,144556.35180144655
211,88493.57945816446
212,88922.67414691334
214,74855.44241653898
215,128857.8436253094
217,109722.13401154181
222,153223.6710228494
227,139865.4466589034
228,156651.44814238197
233,214485.87540032918
235,121152.35570827362
238,132654.86666171317
241,167824.93780876682
252,193872.44871153627
253,194348.3159742133
256,168366.6694785388
257,144610.3388639665
258,194860.46855902285
259,181085.98613154012
261,160096.83252214754
263,134181.40847448038
266,232517.47573795493
267,215613.58418430877
270,141270.6834155479
271,253253.8524403738
276,108835.04531950389
285,144221.72231840636
288,85491.40826174621
289,129560.43746964111
290,130496.18425225982
291,128865.77109756293
292,90177.06822072166
293,165942.12221033574
294,210113.87021356527
295,169489.10073120127
304,109619.06181732133
322,354303.0965966404
326,154810.92449509926
327,99532.70222508437
328,113767.8705745051
331,89881.5671926724
332,85371.50023156655
333,102294.37306116441
335,139768.06786564077
337,166089.32003633335
342,125974.87705551779
343,179708.26498339034
347,185394.35575333214
350,317272.01460510277
352,226036.93878378684
358,195549.2718141253
359,185107.45216498198
360,160012.69807787891
368,292671.65678157617
369,243773.95625808398
373,178915.0946231172
377,240979.90809127458
383,196848.45505345662
386,220827.252185702
387,229034.91046976243
390,165746.67281298668
391,155700.07366374775
395,176234.63149737485
397,147439.20831177584
398,124451.38256016816
401,117849.51057640892
404,130288.96049011646
408,113590.99680111451
409,147680.5880888587
410,151083.44419880793
418,140306.6001117761
422,458832.4119226596
427,300749.74780942267
431,403170.9892176395
433,532366.5800697529
437,367296.71013113466
438,245817.87708835525
442,331565.7282720075
447,201475.19574242065
459,291615.2997862377
460,239114.27903209277
464,169622.65723445974
465,196461.27664303113
467,181527.66395382964
468,175115.8030509977
474,177173.08391679236
480,197450.23993561196
481,216425.39010371608
483,185730.85073259502
488,179947.47021657435
492,182439.18592296378
494,182365.59765703333
499,318167.56884026143
500,250397.00754881854
501,305969.4323295282
503,243030.56496498684
506,246218.96652041646
508,266853.4752782824
511,283042.63067112013
515,219435.52145506823
519,234464.2080687947
521,262522.23458923073
530,211612.23374855885
532,223255.3337264105
534,184939.81668417255
540,174686.89939363376
541,129233.16747696775
551,176446.18631316067
552,158410.54518187538
554,99781.62784986624
555,130241.37903942486
556,132282.1826014665
557,125304.97100560987
565,262408.1749725174
566,236613.31533313432
567,154765.69991979594
569,191796.9659861802
570,179673.66695995923
574,208825.5085133075
575,336308.67938357836
576,188606.0257827028
577,210778.36470292884
578,208117.37929400455
583,233287.17038990406
584,214246.76494073734
585,160394.10836964616
587,183771.57605414273
593,234759.74260050774
597,190463.57389868746
598,168466.01772634825
599,154351.51180346712
600,128834.65329454934
605,153927.3219795227
607,161811.63707199597
608,141057.43039553912
611,165456.6328803615
616,103569.92313048389
625,165529.33007918237
629,144593.0429553186
630,115464.20601365651
631,150666.67209481867
640,158991.0089507473
642,141641.58986511626
643,151213.5580102173
646,111252.59686010667
647,141585.07962217284
655,91078.14325755257
659,115150.66862804118
663,55619.37454523047
665,104573.24901885338
667,202115.83895910738
673,141564.68950050895
676,138736.69900727863
680,147749.8279670116
682,124711.30814099082
687,138089.61304487995
688,158503.38025230748
692,105713.7073754169
693,112791.59759486122
695,134739.89629988422
697,115698.17347629595
700,130759.3820902142
702,103124.24472948351
703,157748.15458615313
704,89479.64890675189
712,110834.56910965631
713,93055.51664208612
717,200919.0467222304
720,185497.26594682594
721,66278.2684387808
726,151845.41075887744
733,113730.54840720088
736,116136.69935096441
738,101210.15246439115
741,120546.98104519308
743,48688.846144107294
745,108187.74391842281
750,143687.02830504646
756,98115.56950178425
757,114286.1591170514
758,117708.58841551904
760,80190.74043633584
765,127318.89036101152
775,132476.9809350568
776,132965.11684751534
780,151068.14884567927
783,210076.16419105532
790,123230.15717367943
795,77659.99404530803
796,143505.65540855154
797,135053.98274447606
798,116810.63959117724
804,208686.98241052797
805,227485.05430698473
806,241184.18486811535
808,120326.52908571593
814,135303.14870729094
818,301273.84086568793
821,287668.8507948945
822,343298.95108646544
825,273263.0629796886
827,246645.1985491778
830,209414.09393675486
834,256776.53388728775
835,184313.5146807887
842,140401.69518366395
845,210499.09495210557
852,201343.83234852142
857,155962.51471406277
858,143828.57924241317
859,133881.16875730592
860,126727.03874502578
861,139796.12135850193
864,237263.1537181717
868,194735.03484118168
869,201049.00089839552
872,266176.1808307933
873,218142.46558971266
885,94230.48869605549
890,117334.15616613076
895,112089.70789583688
899,82215.97322859164
906,118694.04925596033
918,151608.71294442198
923,137437.646920444
925,123422.38615054336
927,129292.27497368678
932,182193.95836147983
933,109513.9604269115
934,140382.21009638972
942,90304.20609610637
947,245576.91195565384
948,232616.90794186242
951,143245.7300109355
957,460315.4307560666
958,345270.60757302225
959,205500.8959248551
963,182146.78155706325
967,210567.09072633614
968,342267.8014873682
971,137616.126808601
972,157034.19043718194
976,101644.87160449233
978,91215.90631616187
979,92444.34031289765
984,116534.66979368645
986,155116.7116440462
991,205306.5221151796
996,195824.58104933228
1001,246861.6620100365
1007,200010.4559174784
1008,188795.24485942355
1009,236291.61134240875
1014,129434.30509358035
1022,213615.29207981093
1024,168607.6132348651
1027,138250.70913719488
1030,158707.51446947322
1032,153621.5005501572
1035,181224.28520581243
1042,105521.9348135855
1047,137579.26717445566
1050,118774.96351076587
1055,270199.25355758244
1059,396314.8159411236
1061,358215.89126525726
1064,492341.5250801616
1077,201500.95871547217
1081,224047.449997576
1092,216773.4513716571
1093,192527.84473449367
1095,223476.43019664648
1099,254501.43856261452
1101,307689.1024449513
1103,300960.16162939713
1109,244043.48251723155
1112,207333.07528178327
1113,247107.14767395132
1114,250722.66485018973
1116,237001.37957995065
1117,219045.8705946566
1119,277173.69725221104
1121,214208.7833987978
1122,193270.00864802973
1125,235189.53028184074
1137,169385.23117206356
1142,200373.92574736103
1144,199179.02198678974
1145,207890.8978845399
1147,188032.6946836389
1148,190475.71936812208
1149,165468.0536008838
1150,125430.51664387273
1153,120472.3148796389
1154,107370.1390847017
1159,339723.47708746727
1161,167397.34187134248
1167,160317.9045781403
1171,268803.0489254973
1174,169739.40520487138
1188,172991.2023687166
1189,172991.58901296149
1191,146218.6557894561
1195,152416.25141685666
1199,180624.92035458316
1201,188123.98913864265
1204,181728.61174435978
1211,150101.22550968736
1214,160386.18775410176
1219,150929.17242296063
1220,80464.95835080187
1227,168402.82681665276
1229,201091.20928609988
1231,146753.3273923028
1234,218452.61638615804
1235,143653.54254818393
1239,169316.1582516827
1240,163084.88576583393
1241,163365.07945286913
1246,125013.23082132342
1249,160652.52433189808
1250,126905.0659996922
1252,124002.20672388701
1259,137595.21631071565
1267,132575.83940366868
1269,113520.77998259249
1270,140101.32390339876
1272,128105.7765972371
1274,137404.03799386084
1276,132746.494733199
1279,145038.47649895988
1281,168848.3357566748
1286,137547.6479088005
1287,123312.89845286266
1290,88758.78243113992
1291,125210.0942992442
1297,142412.1353268614
1302,130860.84240341031
1303,68734.63162590106
1312,95288.6162836423
1315,117841.2175605809
1322,54890.43707357004
1327,105869.45104156996
1331,124482.57088113195
1333,111183.51990870046
1334,128647.92690070844
1336,130590.42562519532
1341,114365.2693967867
1344,101171.03765571662
1347,122822.48547347484
1348,142672.61395321938
1353,155724.59180886406
1355,120977.99985809537
1356,125039.92095552942
1357,158640.7088324439
1361,124126.8632571587
1364,130971.51827148722
1368,97188.56391164922
1369,103259.81077203841
1371,131014.08786966003
1373,117166.65069327342
1374,128390.1339985147
1387,109270.5603660316
1388,101898.21668762813
1392,148308.72947494994
1394,134430.10875273138
1406,138785.6455144442
1407,218087.4772460788
1408,150855.99975505203
1409,152916.83984939184
1411,147798.327355553
1412,108199.56474524463
1413,161935.55767554755
1414,136019.112344233
1425,246182.43209880675
1430,173495.4910879609
1431,199816.22834027567
1435,205251.1383064755
1441,221472.93995701394
1444,218872.84779738972
1445,133093.64209238582
1446,160933.4365208491
1452,125895.16164613054
1453,114926.06359689649
1456,244804.8167416737
1457,222317.1802175404
1460,231027.24776826493
1463,245737.19217512774
1468,226799.54014238954
1471,199769.02531276798
1474,224184.66725429465
1475,204818.9672080769
1476,225315.3019188029
1478,207886.2091581062
1482,142465.93995543686
1483,142465.93995543686
1484,142283.02253430925
1485,144745.1702468869
1496,163847.8148163359
1497,146159.2930703231
1500,138358.76598115943
1506,117533.47432584458
1507,124089.03034011411
1509,125724.59566321028
1510,123220.4875476891
1513,111021.75071147417
1517,145293.58006223594
1518,158764.39152987066
1523,189420.36163567874
1524,122749.6714147489
1526,162984.7006531278
1529,211570.0581485774
1531,141384.1364377129
1535,117386.82957237554
1536,125696.11830132832
1538,344678.6996872815
1540,238526.07557418387
1543,114382.9984517261
1545,131074.25242024226
1546,129849.98297058951
1557,84224.0876059466
1558,70005.75883848857
1559,66481.32975160083
1563,251045.39009164574
1568,167380.64726826778
1571,280684.8204083692
1578,149111.14687856074
1579,230007.5510533675
1584,236728.55618759445
1586,309993.83662851906
1604,128565.63495364595
1606,149753.1940888974
1610,156646.81093252433
1611,101729.05428562041
1618,183564.95367355406
1623,193611.4913643147
1624,190396.56935839396
1628,183575.10655575627
1633,225342.08683952698
1645,159665.30262863537
1649,220418.4603658043
1652,162912.67952438092
1653,167758.14395543648
1656,153268.81705447612
1662,210772.88490862242
1668,120898.3798480816
1670,106925.0780445228
1672,120047.08455968511
1673,148367.1952829645
1674,166054.7913997949
1677,110241.17278240099
1678,118508.45680673383
1679,120142.77523353521
1685,338599.4945693804
1692,395482.75433029793
1693,305042.4925012245
1696,417597.93063879624
1709,303683.2105734644
1711,292513.4124324948
1717,159754.7204829444
1718,160783.5482822935
1721,195215.5703668337
1722,207607.44008778004
1725,262566.64437304315
1726,201247.63838087575
1730,184267.4831309505
1731,181784.19013231088
1733,202850.71423734867
1737,198434.6666159477
1746,247756.40127742835
1747,199769.111341947
1748,203733.62091119427
1749,211792.64064504512
1760,177743.65557661137
1761,653276.8737652467
1762,338140.91546109825
1768,659168.3548674743
1769,250967.38836280734
1770,289577.02543590637
1776,188364.27510912638
1781,381705.16228676797
1785,293264.06860506895
1792,226238.67888795966
1798,251517.27232369845
1812,189756.74012720454
1814,224043.49404278054
1817,151097.20901680764
1818,130708.98207850277
1822,140094.39695461985
1823,121232.98017104146
1829,283041.28176799964
1838,182281.3604668353
1845,163371.8985350207
1851,168973.8780341361
1855,297533.5060958666
1856,176412.47099573308
1858,200304.2579249321
1865,220309.71969069392
1866,167752.7178880677
1867,163342.51418410358
1868,199717.24023202306
1876,136446.76607361643
1878,134712.37794995483
1879,146144.8902597401
1882,154644.06849377288
1883,120787.44315097519
1887,116248.09240743819
1895,150373.9252427971
1898,151818.98533123767
1904,70855.42920464971
1908,137216.2931914901
1917,151864.4978320608
1918,135167.80644368634
1920,141758.65308473533
1922,146839.50681577995
1923,143426.57351361905
1931,166252.98151352257
1935,147388.4142890467
1936,145359.8384242959
1939,124170.38129059438
1943,108659.05330083825
1944,135356.4065297726
1946,206928.66748216242
1952,100777.18793462419
1954,122767.11533112967
1958,121029.91042633448
1964,151231.95457923878
1966,140056.06020720894
1969,109671.41956803863
1977,91172.89549211717
1980,91139.1043208969
1984,110559.41034616901
1985,95777.2756584216
1988,113761.51520105418
1989,108537.94665431138
1991,137812.22614402356
1992,122469.40967219006
1997,122349.61029957341
1999,175124.5626899205
2003,108155.95796018683
2005,115489.42779272299
2010,126990.0081189754
2012,129057.11603702143
2016,122432.90337281501
2017,121551.36748212876
2022,170150.9569108786
2023,134093.20204846017
2035,110813.06010429535
2036,189975.8672448925
2040,120267.8993799511
2042,93640.69475279673
2043,79040.48650139243
2055,133400.71096028312
2056,112878.04718643629
2059,117430.4016003636
2064,126656.94876988986
2066,165658.20034877918
2070,138856.859301302
2071,87616.27323705229
2078,216865.60532664767
2080,149364.0009419825
2085,140160.96271429388
2089,118795.17569266252
2090,166546.83837668927
2092,231734.88992901417
2094,250341.2723008085
2095,219064.34730461694
2098,358166.7340995412
2099,248526.02953372803
2103,249519.7825871476
2120,141784.72080154583
2122,183739.63858600447
2123,187766.5090256517
2134,203841.7491099622
2135,121902.19282822544
2136,142301.8485711476
2143,145675.34751656494
2145,310104.32929734647
2146,237305.6324126649
2148,195516.37827227064
2155,299523.86996624037
2156,264219.59853902325
2157,143043.9169401801
2159,207961.40242338585
2161,193227.93819189738
2164,201572.33514051104
2165,177708.83858583448
2169,124215.1754145274
2171,124300.3945762244
2180,165610.2607493097
2184,133717.84100540794
2185,74095.60755354914
2188,86519.10874285504
2191,117452.82469852983
2192,98505.3376987185
2196,163520.41192754154
2198,106554.66536204598
2204,175456.18960084545
2210,174886.23520326355
2213,135930.17157453552
2215,289655.85297227063
2219,250388.9349020196
2221,221199.13487549513
2224,170934.88132612885
2228,150219.11163842742
2232,105419.32046476171
2239,103269.74897154857
2246,254748.995626544
2247,254252.3477632611
2249,155896.45570187052
2251,182918.00151525502
2254,150550.82174310257
2256,206135.77955767253
2259,201965.30875801248
2263,257747.44313133432
2266,207739.36554259027
2271,178306.68912116316
2274,135039.2746072875
2275,298723.12780363875
2280,137236.29166110593
2281,142306.14889462022
2291,78699.37908464596
2292,149823.43402706092
2295,178492.82930078908
2297,123616.00987036902
2299,113523.32591737431
2302,130091.57423691534
2303,136383.41442196583
2304,115725.73111347298
2308,179066.0652053146
2312,210545.8309042329
2314,172797.65376002248
2315,177233.1295054398
2316,213582.141638887
2320,266280.6821202167
2321,310030.2574242529
2322,245555.6663949617
2325,168785.11615516813
2336,428746.30207267305
2340,313579.49278160045
2341,305390.2938760598
2342,434702.612303301
2345,258511.7158101373
2346,181780.86079603698
2347,163891.70914541703
2354,240739.79036552424
2357,187532.60624467215
2359,161645.05194801826
2360,139912.50095743532
2361,109431.0193769834
2362,98825.68766937066
2366,130536.25751741132
2367,101955.77874254755
2370,122905.60378896292
2373,102904.48600558988
2376,129427.00240412532
2378,138034.2232434835
2382,236974.7558862151
2387,281056.64561830106
2392,380168.9497275958
2395,338339.08155693894
2396,344803.61313123605
2397,273481.1894276807
2399,334982.92956128577
2401,421871.5456374421
2402,270015.2961157001
2407,187578.9636317187
2411,183495.7489350175
2414,219109.45870439566
2418,267372.95781047025
2419,198318.20867071734
2424,173763.70244068545
2427,181743.31548776102
2430,227666.2245085026
2439,217663.70287953754
2441,256630.6814091058
2442,219368.22460670973
2446,540988.6964860585
2447,413336.09262702597
2452,317070.0177870645
2457,348938.46747276315
2458,267053.29551389837
2462,429674.5564319622
2465,191940.1707689583
2467,192962.50012161082
2473,142265.47275956502
2478,179915.70380586825
2479,179440.0417939694
2482,166368.11329319378
2485,125605.73264522052
2488,140629.45027343385
2494,131913.42034648813
2500,267521.33363437717
2509,149864.28822619197
2512,191403.33665970396
2514,163998.74059583768
2515,175746.46830303696
2516,216002.67004806967
2518,190743.16349755542
2519,175161.17870993307
2520,162045.82172621271
2527,164322.3692372862
2532,132526.33176430274
2538,134990.77260339196
2539,148180.1213661925
2543,120768.2811610861
2551,150558.77303956271
2554,123909.15950699351
2555,114725.10770632229
2557,98341.90676911495
2561,139204.08109907617
2563,146857.38406380077
2564,141411.66606113382
2570,122770.62700092423
2571,255012.070162832
2576,152838.87940758368
2582,125950.56326265032
2584,146825.88812223735
2587,129545.99516858105
2589,134762.9343797472
2591,179716.86937788795
2597,121094.73162280978
2602,159296.7337756742
2605,140098.96330406467
2610,168358.07228050166
2611,147600.6298976948
2614,136270.24892074935
2616,206289.34151433257
2617,160542.22868897207
2620,122298.40758875255
2623,100250.36261417349
2631,157478.71063051207
2638,132870.20410722363
2639,107129.35991947897
2645,125256.80713378692
2647,95799.90525431569
2648,109288.68218266574
2650,129413.58436527921
2652,129506.38256135705
2656,122099.47167239994
2658,151844.69994076047
2661,171466.89168923427
2665,146106.44497154755
2673,147947.34703418333
2678,96692.75653431068
2679,110127.65951653995
2680,71312.91478386671
2685,105017.98694444008
2695,119085.08109096155
2698,105912.18573746296
2700,153148.0868054184
2706,131636.9867494995
2708,166741.86432681276
2709,143204.41434055378
2711,143581.75839431988
2718,158093.10752350214
2719,159637.63559973685
2721,166014.14390229303
2725,148557.94589013097
2726,220763.7841723452
2732,198691.0556558197
2733,126187.71924088876
2739,171065.89804995898
2747,190119.24034041623
2751,228833.9323015383
2754,189083.72830894368
2755,230961.62205056977
2756,195406.1224773482
2758,234281.03681669914
2763,193824.46411905088
2764,248016.85179347283
2765,164203.0190841745
2766,153460.11877482184
2768,164416.93481535342
2781,216744.88425882644
2784,183143.0079506951
2785,132026.36684669546
2786,130565.85378925902
2796,250541.72489513236
2797,287265.2221163485
2801,238094.56356190465
2805,235483.5518715205
2806,220591.8393308504
2812,202617.05654065392
2817,121179.07095763035
2822,143109.05103590473
2825,225423.97674818986
2828,139951.20902917476
2831,145970.76006296967
2843,123519.97910422091
2845,101633.93369943785
2847,133265.04192147107
2855,162732.9912850102
2856,120235.92199522817
2859,134355.8729262162
2865,206097.40491279136
2867,169830.35176635574
2869,174700.19252054562
2870,195654.70527537324
2874,135813.68328927236
2876,79919.8309906751
2889,139818.32019861607
2892,267432.5236178526
2895,229987.2398065979
2898,225787.9431654633
2901,297348.17821207456
2902,293053.63229914795
2908,127363.41755613992
2909,111250.38948151053
2916,144141.4117549573
2917,104154.48432368458
2919,82289.74738750358
2921,88479.8212422172
2922,174267.5849231464
2925,165387.3239515095
2928,124086.07658273393
