Id,SalePrice
2,100026.15712942905
4,268774.7890706961
6,187081.81088152365
7,229027.3939425703
17,217733.69654202042
18,378093.6370493602
22,191836.24550398556
27,120798.63626647973
31,102687.79576008907
36,137371.70438684616
39,385823.4922477177
40,248635.18383600982
42,312485.5106595303
46,201001.05719812796
53,164748.20023267833
58,190075.75216577947
61,292190.39057190646
72,213864.55274034268
79,125141.04883776675
80,208275.9817095038
82,166375.39618903142
83,81623.33137849974
85,152274.810139806
88,123931.70927408221
92,329228.4087138842
93,306367.5434002741
95,166354.91365745314
102,191248.9323673318
103,173267.77804685873
106,234851.25633179885
107,160776.74045448028
110,214463.32965459698
114,195183.60268116742
116,181049.31938228663
117,166273.38272924093
118,151916.8703081708
125,150661.05426505534
126,180920.2489251159
127,147113.0394493919
128,196234.70091428328
134,136633.45680282125
135,167670.25175946462
137,237297.07256688178
143,138687.34064796707
147,138528.0315051088
148,182645.995898952
150,105831.17364562768
156,151402.96420442662
157,124636.7656300487
159,136516.7080356127
161,264200.52468558005
167,141990.38364300318
170,132122.2103331904
171,95081.41001968388
175,104434.15066783899
179,127853.85830010707
181,100429.29689878318
186,205159.80585463555
193,180085.27789278724
194,68608.0248548463
206,75233.27613571053
208,119581.79724110756
210,148793.514207758
211,93688.61610413692
212,110384.80952420644
214,103620.39655306633
215,116650.04042757046
217,127222.92533598561
222,147574.18997779698
227,153584.76721265516
228,170186.73370256275
233,220266.50920081
235,135505.15380471596
238,127910.0042655943
241,160245.90000624955
252,196391.93172660796
253,194038.7892739114
256,154917.03608607687
257,148507.22470524395
258,201030.90084183426
259,189420.82534130034
261,155595.94028089126
263,126304.13720921543
266,226359.98952596914
267,217599.403439095
270,147750.3256254131
271,255869.37917313515
276,112866.08738936926
285,150864.61516241077
288,71798.69657394825
289,124358.25285147899
290,117705.5777315395
291,136910.16795767215
292,107073.66153564211
293,168255.08495824528
294,218182.53633391485
295,172440.2959854696
304,129062.03759185411
322,360945.35791984084
326,151322.92103074724
327,96364.79716047505
328,125528.52903296659
331,75164.0264923689
332,76946.02673297748
333,90525.25807044469
335,130316.80772783444
337,176568.99187025218
342,125832.60491590598
343,191752.38806113438
347,195958.5578724835
350,301226.7012238442
352,226948.73174963426
358,214557.22642251826
359,188114.57916098693
360,153930.00330682984
368,293307.1457640724
369,276595.7216398679
373,191533.63512454624
377,237347.56242239336
383,190118.32428072975
386,219430.27378476434
387,231089.78427402512
390,171569.47645707638
391,157701.42418572772
395,163386.2927942928
397,138502.02481310954
398,119371.67972333147
401,110000.96583470772
404,144242.34856981016
408,108619.11685976479
409,142410.38899037824
410,148727.19862177921
418,134277.29750004061
422,438570.53385095554
427,358830.1073001735
431,408022.79902627156
433,456666.5040188597
437,347172.61537939194
438,254261.83053642279
442,367084.16578658833
447,208253.88810116565
459,315100.3030355205
460,282106.0649458214
464,186475.5663263891
465,198494.84836477786
467,184973.67891162424
468,180096.63160575507
474,160547.48813985474
480,197577.8948110987
481,220009.4545350799
483,194715.04332258226
488,178061.61535682785
492,177011.7142853341
494,183977.40268593444
499,331999.1034421385
500,288947.234570547
501,330781.076708446
503,266387.6230814024
506,244084.67714965367
508,268764.6049768629
511,288854.0851713321
515,224729.01259614038
519,236761.7912745953
521,266093.0828408508
530,218700.01829250762
532,224698.8911387422
534,178974.49601062038
540,175546.55382313835
541,127546.26822198532
551,169146.85475041787
552,154151.65690436237
554,103938.11378225731
555,135540.94815287902
556,136123.74564936664
557,121413.76461281278
565,255308.5654804937
566,235333.66900480236
567,151114.76250489266
569,180119.8570410926
570,188953.38083779206
574,216163.52437504334
575,347615.01765962783
576,186399.82716963883
577,218251.46819812874
578,251281.0176049359
583,235370.73756529437
584,218443.50598096242
585,164395.5205372821
587,185195.82679942413
593,229712.60858538887
597,208726.18278455734
598,180616.97685433598
599,162402.79218933336
600,113801.0885375361
605,155583.4536614581
607,166900.68366437755
608,154145.99122929876
611,169093.52860605787
616,107375.21280922601
625,169713.37337074568
629,150322.77118531638
630,118198.73512095143
631,151285.50292382715
640,183742.026760038
642,139306.65368093154
643,142442.69062331505
646,96102.37345520174
647,148933.41365993675
655,65769.41729046963
659,108078.98951929808
663,23489.866548814112
665,88086.44625994097
667,222482.48149392288
673,136128.40255318815
676,131962.07659439603
680,161980.79656823282
682,123855.01159611507
687,132805.93437793152
688,172802.9582558819
692,117828.54192320746
693,113824.94717900059
695,161812.1686715635
697,120369.43845023308
700,159135.9386463049
702,116497.38246323052
703,171815.6365389109
704,100189.51508672838
712,99043.50605978654
713,101975.08965511504
717,246399.3051877413
720,185543.36151894345
721,66310.05987819377
726,169470.87871227646
733,101762.71177043626
736,115151.46269291383
738,120217.66205248027
741,119537.50387116615
743,32622.79904529592
745,107036.61050491012
750,152006.677278643
756,96514.81783259497
757,124198.16505336459
758,153028.4409982022
760,86069.32895077462
765,133094.69697004836
775,137393.9514571114
776,131038.81199398055
780,160291.6855372754
783,221553.1590725733
790,116065.56901071197
795,77694.7256153056
796,146139.5920557056
797,156171.18995032553
798,124709.15381241567
804,217527.78651098115
805,222527.47351530497
806,238459.8933065103
808,120506.7733097449
814,138754.52226753207
818,280711.8936106558
821,298584.1187735987
822,375855.98792102525
825,269039.1149671506
827,253161.4600035206
830,216076.74057545536
834,243709.4227833713
835,201632.83977912203
842,145260.63086810452
845,207341.00222023716
852,194906.35433334578
857,152045.219607912
858,126737.90457857144
859,122785.8666416423
860,151610.34795468254
861,126687.07243444351
864,238358.8638563864
868,197144.4202970434
869,201086.14991331287
872,257661.09251108253
873,226407.24073322397
885,96507.50039816741
890,95810.80340950028
895,118398.8553376738
899,72092.24034055904
906,139285.9473932425
918,143870.19200371206
923,152189.64711513347
925,116420.11741704936
927,124986.06971023697
932,204965.9629186613
933,102071.95021518995
934,144355.0291154345
942,99549.86024293955
947,258191.6876654178
948,242311.1503971843
951,146950.51787002455
957,260454.32017554622
958,346937.15352926543
959,210762.58825390646
963,187734.1533771397
967,216419.75923736743
968,376604.88152406213
971,159426.30196286715
972,166679.51637599082
976,74568.89927326329
978,79178.95793001796
979,85275.13434388419
984,125721.7504911935
986,159940.2884274989
991,196867.82666481938
996,199840.7905134
1001,252213.7242694744
1007,202140.06670760293
1008,193414.30130096525
1009,241625.26533739618
1014,128635.62930401089
1022,225785.0820569573
1024,188258.78647578857
1027,138869.3740862622
1030,151627.05720065022
1032,159470.22049597767
1035,169305.52320629288
1042,114721.02036110708
1047,124178.73119423469
1050,117360.35087366053
1055,283452.15041438816
1059,377771.463122181
1061,372637.67423775943
1064,456579.7278874859
1077,191144.04723215871
1081,224627.34931790223
1092,206833.3886728799
1093,194388.0257645368
1095,223299.55683190562
1099,288534.3597758387
1101,317791.9333043981
1103,324234.386640521
1109,265540.9769706221
1112,221757.8416366391
1113,240565.22185236844
1114,249876.7291339324
1116,237771.11660326854
1117,239407.77647862677
1119,290350.42080449476
1121,205763.11920386227
1122,189228.23717535147
1125,250600.3321452057
1137,175434.95397929265
1142,212283.14885781799
1144,205097.46917581395
1145,211316.28422209993
1147,197724.95582744456
1148,183540.08643848752
1149,152352.9904867413
1150,131205.79232908576
1153,116356.56382092461
1154,108622.05323020276
1159,323768.882892878
1161,165142.1777995294
1167,163709.09613770968
1171,273643.98236555955
1174,175946.56649178523
1188,172014.71091828332
1189,173877.02024989226
1191,122629.13409326039
1195,153093.77612290368
1199,187299.61683292175
1201,201359.30645130435
1204,204454.80914254207
1211,151413.51856215438
1214,170199.90883722575
1219,142534.33991505275
1220,50208.21517810784
1227,184346.1127367746
1229,210235.21145868977
1231,143347.38043270516
1234,219331.54583058576
1235,142707.766813176
1239,167408.68040255597
1240,158153.49421702232
1241,162687.25790215377
1246,112722.12582093664
1249,163723.32293072576
1250,123471.26740644034
1252,146733.12759981095
1259,220311.79472472705
1267,128007.67023976962
1269,115800.01399106835
1270,145942.39735897304
1272,135890.61987985275
1274,132239.91714431578
1276,125170.84344819537
1279,142220.37346904608
1281,187517.59485470504
1286,143789.84968949156
1287,120431.95160222612
1290,86336.51877925987
1291,147828.89383447566
1297,153241.01650708634
1302,156751.61442551925
1303,32976.511988680344
1312,99548.47520614602
1315,132426.17045275378
1322,50068.40323099913
1327,101963.22031003749
1331,127369.2190202109
1333,124958.19165873807
1334,124452.78178630373
1336,132470.29135770095
1341,117388.29203755618
1344,113357.71338546812
1347,134066.23466456612
1348,158584.42995271855
1353,170280.5373287641
1355,141188.46033590962
1356,136366.08268932672
1357,147792.09910062817
1361,139109.7019477035
1364,125273.50472069904
1368,110015.44721700833
1369,100304.51209947187
1371,139863.54468973284
1373,122787.8329690746
1374,122606.127415261
1387,109953.49001076259
1388,108914.81491221185
1392,158245.0452469422
1394,136466.0927088922
1406,149140.096748712
1407,181449.86568315933
1408,151901.25228389236
1409,143095.98202288337
1411,147234.6945533033
1412,103399.5620861242
1413,167706.64547551936
1414,128198.28259765753
1425,249780.47319973772
1430,175656.58147544507
1431,208949.14759686915
1435,213220.7149207471
1441,219945.24574848008
1444,221161.5019737119
1445,132544.26060149493
1446,151694.9009117938
1452,113629.93955312809
1453,105550.61192208482
1456,254881.0029715062
1457,222397.32503070007
1460,245343.22678923025
1463,242794.4038002577
1468,229024.27742172498
1471,202897.38314347644
1474,233991.9767861229
1475,196498.57693186984
1476,231746.62817545515
1478,203695.77691864595
1482,150277.93083525007
1483,150277.93083525007
1484,150661.8923588663
1485,154388.1792371429
1496,162606.86513261544
1497,152071.23815375892
1500,147888.677132115
1506,145233.69103123108
1507,126529.83751860983
1509,128578.94212251087
1510,111365.0538083699
1513,110772.96996281785
1517,134911.49651491595
1518,161245.3016445944
1523,181435.20636527194
1524,125749.40015047393
1526,153286.30279047647
1529,200457.19447318185
1531,165876.22599596716
1535,123854.40247043106
1536,126085.56682960759
1538,315300.4655905713
1540,208204.10748971486
1543,113014.54523494164
1545,132459.62345972168
1546,128943.75820886274
1557,79399.18159529753
1558,126473.99581226124
1559,59845.083172269864
1563,257537.3767977585
1568,170981.77622972778
1571,190076.47454364365
1578,157999.63790887292
1579,241985.8917396844
1584,241034.77364635817
1586,301619.17356556165
1604,135754.4282075551
1606,144674.9217999291
1610,182424.1807065443
1611,135767.56544449506
1618,170480.7930976136
1623,203199.85820725304
1624,200913.13199953735
1628,193127.2204626021
1633,238979.93392312294
1645,153063.24208993907
1649,243035.7681713386
1652,168690.84795801388
1653,172528.53562357323
1656,173022.75756995846
1662,217473.17382883886
1668,125203.39669407113
1670,87514.54350138758
1672,113825.87143337447
1673,150648.0968044526
1674,151450.8507265679
1677,126446.33168169763
1678,155130.03572227014
1679,123000.08262136928
1685,370545.14722362696
1692,412762.9117164982
1693,318922.1881737856
1696,420166.6129696362
1709,316653.10473809997
1711,311531.5642960784
1717,173331.96037818328
1718,177281.52383706556
1721,189063.25778583018
1722,196544.7375202796
1725,292021.986671024
1726,191120.53921714355
1730,187651.1038841321
1731,189698.82333902642
1733,197027.12270455784
1737,188855.34177862597
1746,250648.35840592743
1747,201638.4485030251
1748,210824.13685909426
1749,215371.6559928339
1760,175926.53914890974
1761,473670.0778621108
1762,342385.75978786545
1768,509230.95447006205
1769,264541.40811734926
1770,310295.0238732507
1776,176979.89708079258
1781,414859.5498213833
1785,343658.3350024752
1792,224915.7647284111
1798,264808.6056531875
1812,200068.13638395048
1814,240422.98591396445
1817,146490.0337139389
1818,146724.35889323847
1822,138575.51228302298
1823,124365.55477005756
1829,278050.0838109157
1838,167541.49677424808
1845,170472.25182021246
1851,171950.1471132154
1855,301447.7682886168
1856,183660.75059649278
1858,197479.56935735443
1865,236999.75554969418
1866,177508.4925181449
1867,177182.45045807236
1868,192836.12879014737
1876,141609.7329916081
1878,144206.86754734558
1879,140134.52461867523
1882,142809.61714212038
1883,112768.97141764616
1887,105339.80064315698
1895,163686.99240174866
1898,154939.31498365663
1904,49976.234836257296
1908,145962.08184846886
1917,151100.03997842898
1918,136552.72300513252
1920,146705.86076571
1922,150267.87012857664
1923,142625.88308765762
1931,172412.11416085018
1935,144614.73071167571
1936,137977.37677858886
1939,126828.44206495187
1943,110198.47574876342
1944,122281.85398582066
1946,249473.2072739012
1952,117823.80276144296
1954,107136.05554086994
1958,120886.74042131752
1964,143907.1637646763
1966,143222.67599476152
1969,106393.64839246031
1977,102973.20549187646
1980,88173.60032036155
1984,123755.64506964316
1985,101432.04105668422
1988,109354.8632919311
1989,119751.99017614569
1991,157769.34568389133
1992,122074.91255935002
1997,133207.4337305592
1999,195316.28621691023
2003,118429.35601140442
2005,119027.33947907086
2010,135076.1026103201
2012,140438.1437965217
2016,123741.26879588887
2017,126474.42301159375
2022,169777.27365410002
2023,144980.2925272016
2035,114406.56470951438
2036,199014.2781131086
2040,111132.47534308559
2042,124370.92648975225
2043,71939.86327487556
2055,148716.41618619952
2056,115824.11253075884
2059,122022.48417149624
2064,119520.25429240009
2066,200140.88518788596
2070,153329.95921639586
2071,69523.95294499863
2078,205546.90777807194
2080,152857.0117802755
2085,144652.28228108888
2089,129069.83181824395
2090,160804.74585420825
2092,255273.8697707816
2094,260784.37258789688
2095,223522.51243927632
2098,350997.27411945595
2099,255183.32360702427
2103,255183.32360702427
2120,149194.68147509918
2122,192832.75613219617
2123,183671.69074285077
2134,208699.63967159786
2135,125909.13586458075
2136,141340.52030729968
2143,179625.79179356946
2145,307654.6837084419
2146,233224.022417353
2148,192300.59765380644
2155,289012.84118230524
2156,269765.75966005377
2157,150535.88779021474
2159,214236.64504676126
2161,199756.8191351823
2164,203846.63373347046
2165,173378.33194066584
2169,148863.07411048212
2171,133077.23461273545
2180,176186.645360101
2184,133242.81943530147
2185,73852.83484336524
2188,85632.77149435785
2191,106057.75095815281
2192,90146.17520930409
2196,165028.1068321392
2198,94347.05055246246
2204,169049.69513608352
2210,184719.47432944877
2213,147514.043459262
2215,273183.7243856308
2219,238014.58819212927
2221,208887.8683507226
2224,197533.5946932605
2228,159951.94369868166
2232,118263.10434482363
2239,107452.70154087455
2246,270212.63398991595
2247,271003.26829145965
2249,157610.01638839766
2251,195568.26604155218
2254,161268.62347772392
2256,199511.19088988844
2259,209298.61784523702
2263,255880.1344413862
2266,220588.52466904907
2271,183235.98398972163
2274,173719.07684516138
2275,273418.6401608465
2280,147645.14060481056
2281,145112.59801036213
2291,71941.51531572267
2292,154898.54986679903
2295,180428.08979113796
2297,124198.63992672903
2299,125866.41848806245
2302,125794.89857772179
2303,127641.25480629364
2304,119152.45021247352
2308,217428.84274453972
2312,219705.31237445772
2314,180963.8633105664
2315,180651.19461759878
2316,219779.2964925086
2320,271238.25768296164
2321,282716.0073200811
2322,243134.74595689983
2325,181005.16469608527
2336,394437.9894597437
2340,300738.6842023551
2341,314180.31342695164
2342,431282.6603471284
2345,246303.06405511405
2346,187907.64575805957
2347,170260.44100159267
2354,250745.8634127879
2357,192942.26494362345
2359,168483.84075655253
2360,145442.53797714668
2361,96325.98584715812
2362,105520.17812532908
2366,137521.67152339267
2367,114452.58842704818
2370,128479.86209248495
2373,107352.97899896349
2376,137819.3588737361
2378,130892.26346708089
2382,242885.74282128457
2387,286305.1823795682
2392,402939.39466302365
2395,341795.64830258186
2396,334611.6684865616
2397,314184.18887901376
2399,380723.8681042271
2401,419294.21437661396
2402,295619.39158024243
2407,179821.5736093023
2411,174732.79504604056
2414,218096.32868106384
2418,268062.829770857
2419,203697.95051549585
2424,172976.5977088979
2427,168872.9993806067
2430,227073.22638323624
2439,219166.46380056744
2441,245592.20309988223
2442,228573.76845919853
2446,428258.088616599
2447,408503.7583192113
2452,324015.36981669324
2457,354326.7231955249
2458,269578.88685015845
2462,381429.6331758194
2465,198573.98654368962
2467,199259.88400311908
2473,146006.71157828136
2478,184167.574465913
2479,192205.47266263794
2482,152965.06809117575
2485,131759.81153988885
2488,157482.29396659182
2494,130804.25290609268
2500,271785.78926273505
2509,146929.75411402108
2512,193062.72102357564
2514,158975.23326030117
2515,189901.31334469304
2516,208469.12048826925
2518,208813.2101738765
2519,182517.76619963814
2520,166217.52387823258
2527,181795.59321226925
2532,140586.88697634148
2538,142247.94827057747
2539,146899.98687038827
2543,122458.35676220083
2551,142081.28876718367
2554,103221.18613110343
2555,98900.93741995469
2557,87975.19762036577
2561,157595.45863231248
2563,142389.36901567015
2564,141203.85560755758
2570,130104.78981847293
2571,267153.5357441858
2576,161757.17023039144
2582,121748.52693107957
2584,136583.23848376423
2587,128470.60312217148
2589,138571.7655485575
2591,188185.08328425745
2597,115172.47100017755
2602,154023.97428012174
2605,168013.63842893043
2610,171174.90547174448
2611,162887.255499881
2614,134893.96952544665
2616,204831.06381781353
2617,172262.67077595042
2620,112608.86092739715
2623,90098.58557381341
2631,176199.17436110834
2638,145126.06097838236
2639,127856.11384120537
2645,127523.43314512097
2647,90123.3082983268
2648,156339.98287685355
2650,124627.73417458148
2652,116605.43566614878
2656,111532.7559315376
2658,138848.20796331507
2661,190359.41221521492
2665,166825.74997937144
2673,154634.15347205312
2678,101952.90555813327
2679,111599.55605532695
2680,68290.0654383325
2685,98935.36093163118
2695,126216.42845768761
2698,119414.83309570071
2700,137424.60300193983
2706,136343.61059602094
2708,160018.79543235083
2709,152519.6999855924
2711,132165.25579756568
2718,151576.1710562564
2719,164955.45373805636
2721,188965.93515997147
2725,157815.56394472322
2726,234250.72387141502
2732,218789.68434524653
2733,133845.30343124713
2739,192081.47132561542
2747,198048.5510148364
2751,238684.71914386912
2754,190791.4526726969
2755,235163.4415694957
2756,191404.4094589348
2758,235568.685281103
2763,210548.51752660144
2764,248247.54314647499
2765,188817.18235110608
2766,172441.9977021825
2768,169602.53547502845
2781,223013.9005717095
2784,197938.5429043672
2785,127294.18370334012
2786,119815.44967178954
2796,266307.97358789924
2797,284445.02505820175
2801,233335.95074596535
2805,231717.35789209302
2806,224468.05151469097
2812,205730.5614273043
2817,124087.7836454378
2822,160993.74487662083
2825,229708.61950022657
2828,152442.33066949388
2831,159855.4952148702
2843,137956.82797334157
2845,108565.0663136458
2847,151775.2622727831
2855,175823.80243750382
2856,129621.04527021665
2859,134015.8060898746
2865,188079.21172565105
2867,159129.0556886054
2869,195538.70531554963
2870,194871.91928149806
2874,141859.73259649938
2876,65482.42719654227
2889,140848.15307117673
2892,263750.35926624434
2895,218611.76556168357
2898,245181.06193880527
2901,295432.5380782662
2902,298181.29960430996
2908,129192.17096541682
2909,110157.7504908347
2916,156276.58160744747
2917,117118.7976670654
2919,68747.59882225166
2921,82635.50414250349
2922,182643.32821854413
2925,170646.8726067203
2928,131055.27754356712
