Id,SalePrice
2,113930.799546008
4,263246.80101874104
6,190661.3929120392
7,227323.84759848763
17,218547.728424372
18,321272.0769628108
22,188612.16964956734
27,121628.37544277313
31,95274.15781601009
36,140466.87757998588
39,365711.64119134855
40,238924.09823753344
42,308103.2624152428
46,205759.9730525744
53,179637.15503185283
58,180625.88742069967
61,291711.2554342504
72,205859.0103831857
79,130463.65690262931
80,220888.67162446305
82,169297.91229073686
83,100434.47171848915
85,152623.79947334583
88,122016.83273466553
92,306952.8233047667
93,299823.3695432174
95,176247.6197464261
102,173489.59382930442
103,167728.28102986093
106,238620.97896528698
107,162169.04320839606
110,215520.0826405119
114,192477.01315107764
116,179437.11528646614
117,163913.9477871384
118,148632.7115521462
125,157204.3517079459
126,170820.22151064622
127,143977.73812688727
128,192155.55766165227
134,135363.0661566134
135,174923.05152190902
137,254235.69412830914
143,141532.72805408327
147,129612.54257327563
148,169618.78026219053
150,125393.94766869387
156,156401.8262167532
157,135549.4219410696
159,135861.75724188442
161,272793.74995850533
167,140899.17339880212
170,104493.02311238169
171,90152.20210010145
175,105574.542399732
179,116509.7366104271
181,104228.81235856548
186,188571.96587225684
193,168813.47775205135
194,90678.22891141108
206,64838.301029715454
208,122904.47066627843
210,144556.3518014409
211,88493.57945815817
212,88922.6741469124
214,74855.44241653552
215,128857.84362530436
217,109722.13401153304
222,153223.67102284502
227,139865.44665890216
228,156651.4481423736
233,214485.87540033527
235,121152.35570825856
238,132654.86666170775
241,167824.93780876443
252,193872.44871153316
253,194348.3159742154
256,168366.669478534
257,144610.3388639642
258,194860.46855902285
259,181085.98613153948
261,160096.83252214667
263,134181.40847447488
266,232517.47573795202
267,215613.58418430953
270,141270.6834155474
271,253253.8524403891
276,108835.0453194977
285,144221.72231840662
288,85491.4082617368
289,129560.43746963835
290,130496.18425225449
291,128865.77109755675
292,90177.06822071814
293,165942.12221033455
294,210113.87021356268
295,169489.1007311865
304,109619.06181731861
322,354303.0965966624
326,154810.92449509184
327,99532.70222507906
328,113767.87057450226
331,89881.56719266874
332,85371.50023156322
333,102294.3730611615
335,139768.06786563483
337,166089.32003631533
342,125974.87705551577
343,179708.2649833798
347,185394.35575333607
350,317272.0146051586
352,226036.9387837941
358,195549.27181412425
359,185107.4521649754
360,160012.69807787606
368,292671.65678158187
369,243773.956258087
373,178915.09462311974
377,240979.90809128914
383,196848.45505344335
386,220827.25218570905
387,229034.91046977628
390,165746.67281298875
391,155700.07366374083
395,176234.63149737832
397,147439.2083117651
398,124451.3825601633
401,117849.51057640788
404,130288.96049011669
408,113590.99680110907
409,147680.58808885948
410,151083.444198809
418,140306.60011177984
422,458832.41192268
427,300749.7478094206
431,403170.98921767244
433,532366.5800698238
437,367296.7101311679
438,245817.8770883618
442,331565.7282720281
447,201475.19574242138
459,291615.2997862605
460,239114.27903209915
464,169622.6572344745
465,196461.276643028
467,181527.6639538174
468,175115.803050993
474,177173.08391679675
480,197450.23993561196
481,216425.39010371375
483,185730.85073260032
488,179947.47021657307
492,182439.1859229547
494,182365.59765703202
499,318167.568840262
500,250397.0075488114
501,305969.43232955044
503,243030.564964989
506,246218.9665204191
508,266853.4752782876
511,283042.6306711367
515,219435.52145507172
519,234464.20806880426
521,262522.234589235
530,211612.23374856487
532,223255.333726422
534,184939.81668417747
540,174686.89939363624
541,129233.16747696407
551,176446.18631315438
552,158410.545181872
554,99781.6278498634
555,130241.3790394244
556,132282.1826014672
557,125304.97100560676
565,262408.1749725202
566,236613.31533315996
567,154765.69991979483
569,191796.96598617782
570,179673.66695996083
574,208825.50851330935
575,336308.6793835915
576,188606.02578271757
577,210778.36470293297
578,208117.3792940142
583,233287.17038990615
584,214246.7649407438
585,160394.10836964558
587,183771.57605413522
593,234759.74260051484
597,190463.57389868746
598,168466.01772634225
599,154351.5118034704
600,128834.65329454475
605,153927.32197950792
607,161811.63707198648
608,141057.43039553313
611,165456.6328803603
616,103569.92313047819
625,165529.33007917678
629,144593.04295530883
630,115464.20601364564
631,150666.6720948141
640,158991.00895074077
642,141641.58986510718
643,151213.55801021273
646,111252.59686010114
647,141585.07962216833
655,91078.14325754723
659,115150.66862803606
663,55619.37454522316
665,104573.24901884857
667,202115.8389590941
673,141564.68950050595
676,138736.69900727714
680,147749.82796700872
682,124711.3081409917
687,138089.6130448824
688,158503.380252303
692,105713.70737541991
693,112791.597594854
695,134739.89629987776
697,115698.17347628527
700,130759.3820902063
702,103124.24472947967
703,157748.15458615622
704,89479.64890674918
712,110834.5691096504
713,93055.51664207918
717,200919.04672223685
720,185497.26594682
721,66278.26843877608
726,151845.41075887394
733,113730.54840719888
736,116136.69935095904
738,101210.15246438431
741,120546.981045192
743,48688.846144103314
745,108187.74391841878
750,143687.0283050419
756,98115.56950178147
757,114286.15911704775
758,117708.58841551507
760,80190.74043633071
765,127318.89036100497
775,132476.98093505518
776,132965.11684751345
780,151068.14884566798
783,210076.16419104638
790,123230.15717367285
795,77659.9940453032
796,143505.6554085472
797,135053.9827444727
798,116810.63959117827
804,208686.98241052424
805,227485.0543069827
806,241184.18486813077
808,120326.52908571037
814,135303.1487072871
818,301273.8408656767
821,287668.8507948915
822,343298.9510864868
825,273263.062979707
827,246645.19854918437
830,209414.09393675748
834,256776.53388728775
835,184313.5146807799
842,140401.69518366395
845,210499.09495210744
852,201343.8323485225
857,155962.51471405558
858,143828.57924241264
859,133881.1687572983
860,126727.0387450269
861,139796.12135849992
864,237263.1537181797
868,194735.03484118378
869,201049.00089839767
872,266176.18083081266
873,218142.4655897169
885,94230.48869604828
890,117334.15616612243
895,112089.70789583569
899,82215.97322858595
906,118694.04925595949
918,151608.7129444209
923,137437.6469204455
925,123422.386150537
927,129292.27497368334
932,182193.95836147788
933,109513.96042691442
934,140382.21009638923
942,90304.2060961038
947,245576.9119556774
948,232616.9079418897
951,143245.73001093374
957,460315.4307558458
958,345270.607573048
959,205500.89592485366
963,182146.78155705938
967,210567.09072633987
968,342267.80148738576
971,137616.12680859244
972,157034.19043718025
976,101644.87160448782
978,91215.90631615814
979,92444.34031289503
984,116534.66979368293
986,155116.71164404292
991,205306.52211518653
996,195824.58104933158
1001,246861.66201005972
1007,200010.45591748087
1008,188795.24485941316
1009,236291.61134241926
1014,129434.30509357552
1022,213615.2920798227
1024,168607.61323485253
1027,138250.7091371934
1030,158707.51446947097
1032,153621.50055015853
1035,181224.2852058108
1042,105521.93481358474
1047,137579.2671744571
1050,118774.96351076334
1055,270199.2535575901
1059,396314.8159411722
1061,358215.891265284
1064,492341.52508023503
1077,201500.9587154786
1081,224047.44999758436
1092,216773.45137166211
1093,192527.84473447723
1095,223476.43019664372
1099,254501.4385626023
1101,307689.10244495294
1103,300960.16162941797
1109,244043.48251723894
1112,207333.0752817829
1113,247107.14767396054
1114,250722.66485019907
1116,237001.37957995528
1117,219045.8705946562
1119,277173.697252214
1121,214208.78339880655
1122,193270.00864803384
1125,235189.53028183404
1137,169385.23117206688
1142,200373.92574736386
1144,199179.0219867855
1145,207890.8978845425
1147,188032.6946836399
1148,190475.71936812784
1149,165468.0536008841
1150,125430.51664387005
1153,120472.31487963784
1154,107370.1390847017
1159,339723.47708747635
1161,167397.34187134364
1167,160317.90457813916
1171,268803.04892552306
1174,169739.40520487318
1188,172991.2023687203
1189,172991.5890129575
1191,146218.65578945272
1195,152416.25141685366
1199,180624.9203545915
1201,188123.98913864032
1204,181728.61174436074
1211,150101.22550968736
1214,160386.18775410063
1219,150929.17242295368
1220,80464.95835079672
1227,168402.82681665427
1229,201091.2092860988
1231,146753.32739229733
1234,218452.61638614914
1235,143653.54254817983
1239,169316.15825167397
1240,163084.88576583363
1241,163365.07945287175
1246,125013.230821315
1249,160652.52433188952
1250,126905.0659996895
1252,124002.20672387864
1259,137595.21631070686
1267,132575.8394036628
1269,113520.77998258866
1270,140101.323903398
1272,128105.77659723573
1274,137404.0379938606
1276,132746.49473319974
1279,145038.47649896296
1281,168848.3357566679
1286,137547.64790878905
1287,123312.89845286244
1290,88758.78243113724
1291,125210.09429924154
1297,142412.13532685812
1302,130860.84240341333
1303,68734.63162589422
1312,95288.61628363622
1315,117841.21756057609
1322,54890.43707356575
1327,105869.45104156659
1331,124482.57088113106
1333,111183.51990870362
1334,128647.92690070365
1336,130590.42562519161
1341,114365.26939677978
1344,101171.03765571122
1347,122822.48547347462
1348,142672.61395322168
1353,155724.5918088613
1355,120977.99985809172
1356,125039.92095552543
1357,158640.70883244192
1361,124126.86325716002
1364,130971.51827148606
1368,97188.56391164802
1369,103259.81077203125
1371,131014.08786965677
1373,117166.65069327841
1374,128390.13399849988
1387,109270.5603660316
1388,101898.2166876283
1392,148308.7294749502
1394,134430.1087527273
1406,138785.64551444442
1407,218087.47724604665
1408,150855.9997550499
1409,152916.83984938395
1411,147798.3273555546
1412,108199.564745245
1413,161935.5576755464
1414,136019.1123442272
1425,246182.43209881638
1430,173495.4910879609
1431,199816.22834026715
1435,205251.13830648427
1441,221472.9399570179
1444,218872.84779738818
1445,133093.64209238347
1446,160933.43652084368
1452,125895.16164613077
1453,114926.06359689812
1456,244804.81674167805
1457,222317.18021754356
1460,231027.24776827192
1463,245737.1921751369
1468,226799.54014239274
1471,199769.0253127655
1474,224184.66725429345
1475,204818.9672080831
1476,225315.3019188061
1478,207886.2091581088
1482,142465.9399554384
1483,142465.9399554384
1484,142283.02253431
1485,144745.1702468869
1496,163847.8148163385
1497,146159.29307032414
1500,138358.76598116237
1506,117533.47432583831
1507,124089.0303401064
1509,125724.59566320849
1510,123220.48754768165
1513,111021.75071146965
1517,145293.58006223
1518,158764.39152986868
1523,189420.3616356626
1524,122749.67141474497
1526,162984.70065311596
1529,211570.0581485755
1531,141384.1364377109
1535,117386.8295723747
1536,125696.11830132765
1538,344678.69968727295
1540,238526.07557417752
1543,114382.9984517322
1545,131074.25242023807
1546,129849.98297058883
1557,84224.0876059427
1558,70005.75883847888
1559,66481.3297515954
1563,251045.39009166582
1568,167380.64726826988
1571,280684.820408258
1578,149111.14687855545
1579,230007.55105336913
1584,236728.55618760287
1586,309993.8366285317
1604,128565.6349536455
1606,149753.19408889685
1610,156646.81093251958
1611,101729.0542856027
1618,183564.95367355176
1623,193611.49136431434
1624,190396.5693584004
1628,183575.1065557527
1633,225342.08683954258
1645,159665.30262863112
1649,220418.46036579646
1652,162912.67952437428
1653,167758.14395543706
1656,153268.8170544715
1662,210772.8849086239
1668,120898.3798480844
1670,106925.07804452034
1672,120047.0845596849
1673,148367.19528296686
1674,166054.79139979844
1677,110241.17278240196
1678,118508.4568067334
1679,120142.77523352881
1685,338599.4945694069
1692,395482.75433033303
1693,305042.4925012397
1696,417597.93063885486
1709,303683.2105734784
1711,292513.4124325073
1717,159754.72048295007
1718,160783.5482823009
1721,195215.57036684724
1722,207607.44008779
1725,262566.6443730599
1726,201247.6383808836
1730,184267.48313094693
1731,181784.19013231507
1733,202850.71423734832
1737,198434.66661595477
1746,247756.4012774314
1747,199769.1113419477
1748,203733.62091118703
1749,211792.64064505303
1760,177743.6555766098
1761,653276.8737653941
1762,338140.9154611168
1768,659168.3548675551
1769,250967.38836281537
1770,289577.02543590585
1776,188364.27510913208
1781,381705.1622868005
1785,293264.0686050846
1792,226238.6788879689
1798,251517.2723237065
1812,189756.74012720824
1814,224043.49404279285
1817,151097.20901680551
1818,130708.98207849766
1822,140094.3969546164
1823,121232.98017103801
1829,283041.28176800517
1838,182281.36046684207
1845,163371.8985350213
1851,168973.87803414153
1855,297533.506095883
1856,176412.470995734
1858,200304.25792495132
1865,220309.7196906916
1866,167752.71788807068
1867,163342.51418409776
1868,199717.24023202376
1876,136446.7660736128
1878,134712.37794995387
1879,146144.89025973488
1882,154644.06849377288
1883,120787.44315097024
1887,116248.09240743324
1895,150373.9252427968
1898,151818.98533123307
1904,70855.4292046443
1908,137216.29319148159
1917,151864.49783205945
1918,135167.80644368537
1920,141758.65308473154
1922,146839.50681577838
1923,143426.57351362082
1931,166252.98151351901
1935,147388.4142890404
1936,145359.83842429225
1939,124170.3812905904
1943,108659.05330082841
1944,135356.40652976756
1946,206928.66748214368
1952,100777.18793462169
1954,122767.11533112421
1958,121029.91042633555
1964,151231.95457923395
1966,140056.06020720472
1969,109671.41956803417
1977,91172.89549211733
1980,91139.10432088898
1984,110559.41034616155
1985,95777.27565841905
1988,113761.51520105479
1989,108537.94665430867
1991,137812.22614402085
1992,122469.40967218875
1997,122349.6102995719
1999,175124.56268992642
2003,108155.95796018702
2005,115489.42779271191
2010,126990.00811897156
2012,129057.11603702305
2016,122432.90337281501
2017,121551.36748212573
2022,170150.95691087615
2023,134093.2020484616
2035,110813.06010429416
2036,189975.86724490597
2040,120267.89937994511
2042,93640.69475279805
2043,79040.48650139131
2055,133400.71096028312
2056,112878.0471864367
2059,117430.40160036235
2064,126656.9487698876
2066,165658.20034876242
2070,138856.85930129682
2071,87616.2732370487
2078,216865.60532664266
2080,149364.00094198674
2085,140160.96271429613
2089,118795.17569265957
2090,166546.8383766848
2092,231734.8899290121
2094,250341.27230080895
2095,219064.34730462005
2098,358166.73409956536
2099,248526.02953373684
2103,249519.78258715605
2120,141784.72080154408
2122,183739.63858600057
2123,187766.509025645
2134,203841.74910996074
2135,121902.19282822478
2136,142301.8485711456
2143,145675.34751656288
2145,310104.32929737517
2146,237305.63241267673
2148,195516.37827227515
2155,299523.8699662617
2156,264219.59853903175
2157,143043.91694018364
2159,207961.40242339435
2161,193227.93819189738
2164,201572.33514051535
2165,177708.8385858367
2169,124215.17541452408
2171,124300.3945762171
2180,165610.26074930734
2184,133717.84100540818
2185,74095.60755354307
2188,86519.10874284996
2191,117452.82469852002
2192,98505.33769871763
2196,163520.4119275302
2198,106554.66536204086
2204,175456.18960084513
2210,174886.23520326105
2213,135930.1715745244
2215,289655.8529722938
2219,250388.93490203292
2221,221199.13487549315
2224,170934.88132613158
2228,150219.11163843647
2232,105419.32046475516
2239,103269.74897154619
2246,254748.99562655936
2247,254252.34776327826
2249,155896.455701873
2251,182918.00151525892
2254,150550.82174310848
2256,206135.77955767987
2259,201965.3087579845
2263,257747.4431313458
2266,207739.36554260206
2271,178306.68912116284
2274,135039.2746072815
2275,298723.1278036446
2280,137236.29166110593
2281,142306.14889460785
2291,78699.37908464302
2292,149823.4340270604
2295,178492.82930078337
2297,123616.00987037121
2299,113523.32591736906
2302,130091.57423691626
2303,136383.41442196243
2304,115725.73111347422
2308,179066.06520532034
2312,210545.8309042359
2314,172797.6537600237
2315,177233.12950544234
2316,213582.14163888243
2320,266280.6821202257
2321,310030.25742425455
2322,245555.66639495472
2325,168785.11615516932
2336,428746.302072686
2340,313579.4927816283
2341,305390.2938760886
2342,434702.6123033296
2345,258511.7158101396
2346,181780.86079602892
2347,163891.70914541994
2354,240739.79036553964
2357,187532.60624467314
2359,161645.05194801796
2360,139912.50095743185
2361,109431.01937697874
2362,98825.68766937048
2366,130536.25751741248
2367,101955.77874254737
2370,122905.60378896227
2373,102904.48600558768
2376,129427.0024041221
2378,138034.22324348395
2382,236974.75588621892
2387,281056.64561829955
2392,380168.9497276194
2395,338339.08155696595
2396,344803.6131312783
2397,273481.18942768266
2399,334982.92956130067
2401,421871.54563747434
2402,270015.2961157078
2407,187578.96363172572
2411,183495.74893502172
2414,219109.4587043933
2418,267372.95781048405
2419,198318.2086707177
2424,173763.702440691
2427,181743.31548776652
2430,227666.22450851757
2439,217663.7028795387
2441,256630.6814091099
2442,219368.22460671948
2446,540988.6964860595
2447,413336.09262706415
2452,317070.0177870746
2457,348938.467472809
2458,267053.29551391257
2462,429674.55643201177
2465,191940.17076896172
2467,192962.50012161426
2473,142265.47275956554
2478,179915.7038058676
2479,179440.04179397225
2482,166368.11329319704
2485,125605.73264521829
2488,140629.45027342986
2494,131913.42034648766
2500,267521.3336343815
2509,149864.288226197
2512,191403.33665970396
2514,163998.74059583622
2515,175746.46830303821
2516,216002.67004808463
2518,190743.1634975561
2519,175161.1787099508
2520,162045.8217262277
2527,164322.36923727483
2532,132526.33176429942
2538,134990.7726033898
2539,148180.12136618933
2543,120768.28116108332
2551,150558.7730395587
2554,123909.15950699175
2555,114725.10770631862
2557,98341.90676910953
2561,139204.08109907297
2563,146857.38406380313
2564,141411.6660611308
2570,122770.62700092707
2571,255012.0701628379
2576,152838.87940758368
2582,125950.563262653
2584,146825.8881222402
2587,129545.99516858105
2589,134762.93437974123
2591,179716.86937788094
2597,121094.73162280998
2602,159296.73377567306
2605,140098.9633040654
2610,168358.07228050823
2611,147600.6298976956
2614,136270.24892074525
2616,206289.34151433333
2617,160542.22868896922
2620,122298.40758875039
2623,100250.36261417135
2631,157478.71063051405
2638,132870.20410722197
2639,107129.35991947916
2645,125256.80713378158
2647,95799.90525431382
2648,109288.682182664
2650,129413.58436528036
2652,129506.38256135728
2656,122099.47167239257
2658,151844.69994075614
2661,171466.891689237
2665,146106.44497154496
2673,147947.34703418385
2678,96692.75653430501
2679,110127.65951653937
2680,71312.91478386518
2685,105017.98694443822
2695,119085.0810909586
2698,105912.18573746427
2700,153148.0868054195
2706,131636.98674949812
2708,166741.8643268163
2709,143204.4143405515
2711,143581.7583943209
2718,158093.10752350185
2719,159637.63559973912
2721,166014.14390228654
2725,148557.94589012966
2726,220763.78417236282
2732,198691.05565583348
2733,126187.71924088922
2739,171065.8980499669
2747,190119.24034042197
2751,228833.93230154156
2754,189083.72830894904
2755,230961.62205057387
2756,195406.12247735582
2758,234281.03681671622
2763,193824.46411904605
2764,248016.85179348252
2765,164203.0190841573
2766,153460.1187748194
2768,164416.9348153502
2781,216744.88425882568
2784,183143.00795069998
2785,132026.36684669406
2786,130565.85378925578
2796,250541.72489514438
2797,287265.22211636585
2801,238094.5635619169
2805,235483.55187152175
2806,220591.8393308598
2812,202617.056540655
2817,121179.07095761916
2822,143109.05103590322
2825,225423.97674820147
2828,139951.20902917947
2831,145970.76006297796
2843,123519.97910421675
2845,101633.93369943244
2847,133265.04192147628
2855,162732.99128501542
2856,120235.92199522711
2859,134355.87292621046
2865,206097.40491279212
2867,169830.35176635304
2869,174700.19252054035
2870,195654.70527536422
2874,135813.68328927405
2876,79919.83099067111
2889,139818.3201986193
2892,267432.5236178583
2895,229987.23980659383
2898,225787.94316548776
2901,297348.17821210093
2902,293053.6322991781
2908,127363.41755613901
2909,111250.38948151094
2916,144141.41175495042
2917,104154.48432368496
2919,82289.74738750196
2921,88479.8212422161
2922,174267.58492315878
2925,165387.32395150213
2928,124086.07658273439
